QGC WPL 110
0	1	0	16	0	5	0	0	32.8353540000000024	-117.162773999999999	0	1
1	0	3	22	0	5	0	0	-37.5986941334617484	143.881995677947998	20	1
2	0	3	16	0	5	0	0	-37.59801409076276	143.881711363792419	25	1
3	0	3	16	0	5	0	0	-37.5979460861510262	143.882929086685181	26	1
4	0	3	16	0	5	0	0	-37.5989533981042001	143.883503079414368	28	1
5	0	3	16	0	5	0	0	-37.5995101764961106	143.881325125694275	35	1
6	0	3	16	0	5	0	0	-37.5987026339561652	143.87944221496582	45	1
7	0	3	16	0	5	0	0	-37.5972235333126719	143.879570960998535	50	1
8	0	3	19	30	5	15	0	-37.5969090081205621	143.881223201751709	50	1
9	0	3	16	0	5	0	0	-37.5978355785243679	143.883905410766602	40	1
10	0	3	16	0	5	0	0	-37.5996461827983239	143.884119987487793	30	1
11	0	3	16	0	5	0	0	-37.6001562042173703	143.88218879699707	20	1
12	0	3	16	0	5	0	0	-37.5992551640093353	143.881909847259521	12	1
13	0	3	21	0	5	0	0	-37.5987281354335607	143.881909847259521	0	1
